3 4 5 2 6 1 7 8 9
1 2 9 8 7 4 3 5 6
7 8 6 3 9 5 4 1 2
5 9 7 1 2 3 6 4 8
8 3 2 4 5 6 9 7 1
4 6 1 7 8 9 2 3 5
6 7 3 5 1 2 8 9 4
9 1 8 6 4 7 5 2 3
2 5 4 9 3 8 1 6 7
3 4 5 2 6 1 7 8 9
1 2 9 8 7 4 3 5 6
7 8 6 3 9 5 4 1 2
5 9 7 1 2 3 6 4 8
8 3 2 4 5 6 9 7 1
4 6 1 7 8 9 2 3 5
6 7 3 5 1 2 8 9 4
9 1 8 6 4 7 5 2 3
2 5 4 9 3 8 1 6 7
3 4 5 2 6 1 7 8 9
1 2 9 8 7 4 3 5 6
7 8 6 3 9 5 4 1 2
5 9 7 1 2 3 6 4 8
8 3 2 4 5 6 9 7 1
4 6 1 7 8 9 2 3 5
6 7 3 5 1 2 8 9 4
9 1 8 6 4 7 5 2 3
2 5 4 9 3 8 1 6 7
3 4 5 2 6 1 7 8 9
1 2 9 8 7 4 3 5 6
7 8 6 3 9 5 4 1 2
5 9 7 1 2 3 6 4 8
8 3 2 4 5 6 9 7 1
4 6 1 7 8 9 2 3 5
6 7 3 5 1 2 8 9 4
9 1 8 6 4 7 5 2 3
2 5 4 9 3 8 1 6 7
3 4 5 2 6 1 7 8 9
1 2 9 8 7 4 3 5 6
7 8 6 3 9 5 4 1 2
5 9 7 1 2 3 6 4 8
8 3 2 4 5 6 9 7 1
4 6 1 7 8 9 2 3 5
6 7 3 5 1 2 8 9 4
9 1 8 6 4 7 5 2 3
2 5 4 9 3 8 1 6 7
3 4 5 2 6 1 7 8 9
1 2 9 8 7 4 3 5 6
7 8 6 3 9 5 4 1 2
5 9 7 1 2 3 6 4 8
8 3 2 4 5 6 9 7 1
4 6 1 7 8 9 2 3 5
6 7 3 5 1 2 8 9 4
9 1 8 6 4 7 5 2 3
2 5 4 9 3 8 1 6 7
3 4 5 2 6 1 7 8 9
1 2 9 8 7 4 3 5 6
7 8 6 3 9 5 4 1 2
5 9 7 1 2 3 6 4 8
8 3 2 4 5 6 9 7 1
4 6 1 7 8 9 2 3 5
6 7 3 5 1 2 8 9 4
9 1 8 6 4 7 5 2 3
2 5 4 9 3 8 1 6 7
3 4 5 2 6 1 7 8 9
1 2 9 8 7 4 3 5 6
7 8 6 3 9 5 4 1 2
5 9 7 1 2 3 6 4 8
8 3 2 4 5 6 9 7 1
4 6 1 7 8 9 2 3 5
6 7 3 5 1 2 8 9 4
9 1 8 6 4 7 5 2 3
2 5 4 9 3 8 1 6 7
3 4 5 2 6 1 7 8 9
1 2 9 8 7 4 3 5 6
7 8 6 3 9 5 4 1 2
5 9 7 1 2 3 6 4 8
8 3 2 4 5 6 9 7 1
4 6 1 7 8 9 2 3 5
6 7 3 5 1 2 8 9 4
9 1 8 6 4 7 5 2 3
2 5 4 9 3 8 1 6 7
3 4 5 2 6 1 7 8 9
1 2 9 8 7 4 3 5 6
7 8 6 3 9 5 4 1 2
5 9 7 1 2 3 6 4 8
8 3 2 4 5 6 9 7 1
4 6 1 7 8 9 2 3 5
6 7 3 5 1 2 8 9 4
9 1 8 6 4 7 5 2 3
2 5 4 9 3 8 1 6 7
